data/galex_lc.ecsv
# %ECSV 1.0
# ---
# datatype:
# - {name: time, datatype: float64}
# - {name: flux_mcatbgsub_acorr, datatype: float64}
# - {name: flux_mcatbgsub_err, datatype: float64}
# meta: !!omap
# - __serialized_columns__:
#     time:
#       __class__: astropy.time.core.Time
#       format: unix
#       in_subfmt: '*'
#       out_subfmt: '*'
#       precision: 3
#       scale: utc
#       value: !astropy.table.SerializedColumn {name: time}
# schema: astropy-2.0
time flux_mcatbgsub_acorr flux_mcatbgsub_err
1278010537.7150002 6.590175630256857e-16 6.588609454781183e-16
1278010542.4897223 2.090673392665872e-16 1.7730109710326624e-16
1278010553.6422725 -5.621921694530308e-17 1.5620680212062125e-16
1278010563.4317646 1.6793391038343248e-16 1.7417035409034673e-16
1278010573.1085 -9.627440255709887e-17 1.530838730355321e-16
1278010584.0911112 -1.310388298276769e-16 1.4984048677335108e-16
1278010593.6896875 1.2814988765000589e-16 1.7086906799057406e-16
1278010603.3630557 2.051574962167729e-16 1.7666975704426775e-16
1278010654.9277272 1.2275028537549949e-16 2.0354653064447957e-16
1278010663.1037498 4.457569599616311e-16 1.9385787648374338e-16
1278010672.1354547 -4.907484663286688e-17 1.5661276578737042e-16
1278010683.8059092 -4.825117288620104e-17 1.565248851464725e-16
1278010691.58125 -1.6301050207002305e-16 1.464929312192227e-16
1278010703.0785 -9.484274820485809e-17 1.5246009507804398e-16
1278010712.961389 2.1163541428516675e-16 1.769980320099375e-16
1278010725.0175 -2.4290182218543977e-16 1.3907154287357485e-16
1278010732.221111 -1.3629999008053172e-16 1.4885447022096736e-16
1278010740.766667 2.8132176069254107e-16 2.3527795823794267e-16
1278010792.522 -9.127190111441291e-17 1.5277697712250103e-16
1278010803.4292855 6.473450578366137e-17 1.6567713933644677e-16
1278010812.7407694 2.4343998049872622e-17 1.6230961977517892e-16
1278010822.5381818 -5.092141915746563e-17 1.5603250584218177e-16
1278010833.9513159 2.490287053822659e-16 1.7964626442190153e-16
1278010842.7870002 -9.198381714060633e-17 1.5264514826491884e-16
1278010853.8161538 1.1994974415530702e-17 1.6128373016098223e-16
1278010862.8470001 -9.334866946429858e-17 1.5252092316826598e-16
1278010873.106875 -1.678771083751236e-16 1.4592576009886368e-16
1278010879.4275 -8.517774031921942e-17 3.4290962288483135e-16
1278010917.3715854 1.5083085815310796e-14 1.4499480197486983e-15
1278010923.1539521 7.55399273653828e-14 1.4152135194459218e-15
1278010932.893522 7.78300003693597e-14 1.435820475099382e-15
1278010939.6453018 8.311584366518377e-15 4.928964150459898e-16
1278010953.4775 2.0354884945649006e-16 1.7567458999365765e-16
1278010963.4863334 8.592394681757192e-17 1.6655228765885482e-16
1278010972.1490002 9.114929484452591e-17 1.6690806359418593e-16
1278010982.9384375 1.2879567376018442e-16 1.6973421958456428e-16
1278010994.5670834 -2.3095548686245083e-17 1.5767361732205223e-16
1278011002.2546153 1.5850218308317382e-17 1.608914976451006e-16
1278011012.398889 -5.013799624082666e-17 1.7405374088854226e-16
1278011054.995625 3.831362116767099e-17 2.1016137530494113e-16
1278011062.4708333 -1.87157459295515e-17 1.5819640382641113e-16
1278011072.988 -9.17456719979811e-17 1.5202015926434318e-16
1278011083.5215385 5.114473194436777e-16 1.9702922059573058e-16
1278011092.294643 6.139483474182201e-17 1.6456870177003823e-16
1278011102.2233331 2.1200285742581184e-16 1.7605595262501284e-16
1278011112.6736364 -5.582894697581145e-17 1.549586226570278e-16
1278011123.2723076 1.8908366982731326e-17 1.6117633822687824e-16
1278011132.4622726 -5.437300566478145e-17 1.5516151993842173e-16
1278011142.7286668 9.220889493930748e-17 1.6691180726021937e-16
1278011150.5187502 -8.760309758604709e-17 2.4088496000483047e-16
1278011185.7978573 8.35113368457638e-16 4.854299103321921e-16
1278011195.359375 -3.899327000892416e-17 1.8686153870533182e-16
1278011202.7344446 -1.326056389599174e-16 1.482583457893874e-16
1278011212.2872498 2.792704757912219e-16 1.8071452236613462e-16
1278011224.0035 -9.694767563182814e-17 1.5122737963577071e-16
1278011232.0435 -9.905352508768629e-17 1.5098335163928997e-16
1278011242.885 -1.7095295635166347e-16 1.446576181932829e-16
1278011253.1564286 4.984602425194434e-17 1.6334864891830084e-16
1278011262.3909376 1.2727993579907772e-16 1.693557207359477e-16
1278011272.3386536 4.99276255775368e-16 1.9587132842318175e-16
1278011283.8384616 1.714274826280021e-17 1.607660884060448e-16
1278011324.0966666 1.981898638879197e-17 1.9271119664976267e-16
1278011333.8525002 2.870997230386021e-16 1.815652109730045e-16
1278011344.711111 -1.2730031598389435e-16 1.488814247570556e-16
1278011352.6608334 -1.792400635301367e-17 1.58117133478355e-16
1278011363.002 -9.804064559006711e-17 1.5131891573344302e-16
1278011371.9380555 2.110971419296402e-16 1.7580043927149951e-16
1278011383.131875 1.4145291565401325e-16 1.7046237267457625e-16
1278011393.3686364 -4.753532986992895e-17 1.5534141938036176e-16
1278011402.625 -2.0120386557919128e-16 1.4193134616145337e-16
1278011412.28 4.0795139556555095e-16 1.89767611510257e-16
1278011420.871 5.200475225285539e-18 2.5280959282265874e-16
1278011457.535 1.4275441084033692e-15 7.943448791900429e-16
1278011461.8986363 -5.599256291624609e-17 1.5555522853910292e-16
1278011474.4091668 -1.6185581351614928e-17 1.588683545539895e-16
1278011483.2654545 -5.576481567988753e-17 1.5536556270067806e-16
1278011493.1094446 -1.2761074564957088e-16 1.490785774250955e-16
1278011503.4575 -8.718992175768451e-17 1.525596551541747e-16
1278011513.297143 7.010013266597739e-17 1.6533177845060549e-16
1278011523.556579 2.598732807862554e-16 1.797910483561115e-16
1278011533.510909 -4.803620268984015e-17 1.5578098025724765e-16
1278011544.3822222 -1.248207744289552e-16 1.4928728387368301e-16
1278011553.7688236 1.728147228765998e-16 1.734547533603423e-16
1278011594.8569999 -8.73103145587242e-17 2.1688279892296865e-16
1278011603.74375 -1.0295179640210175e-17 1.5977179974180452e-16
1278011612.8877273 -5.408750125558737e-17 1.5604835802039245e-16
1278011624.0779166 -1.2302998853384832e-17 1.5947625137251186e-16
1278011633.3707142 -2.021049454532151e-16 1.4301016472543943e-16
1278011642.9566665 -1.3950281701441044e-17 1.5948017508982424e-16
1278011653.7459998 1.0468468626548475e-16 1.6900317988554812e-16
1278011663.3019998 -9.070410510193846e-17 1.530157094247167e-16
1278011673.8834999 -8.978464350144211e-17 1.5298450708229043e-16
1278011683.1811538 2.6637969599153688e-17 1.6283342565397106e-16
1278011690.5774999 -2.1307695719239035e-16 1.8336474189076854e-16
1278011746.1883335 -8.790675763680014e-17 2.8000041161974363e-16
1278011751.8596153 2.3246302221601923e-17 1.6250283806294343e-16
1278011761.7243333 9.600024061302542e-17 1.6822469583190026e-16
1278011772.934375 1.3789937667202515e-16 1.7151603167555363e-16
1278011781.8557143 -2.0717259738013051e-16 1.4249542445493548e-16
1278011793.415 -5.600405700287621e-17 1.5577640458547923e-16
1278011803.1295 -9.516118993741709e-17 1.5251621800082057e-16
1278011811.9575 -1.7212047060731023e-16 1.4573725939619164e-16
1278011822.5066667 9.623923065464007e-17 1.6822608740540778e-16
1278011828.0700002 -9.50810361680494e-17 4.83877548020674e-16
1278011872.49375 2.8575024072744346e-16 2.0416612437308983e-16
1278011883.1825 7.882681240130613e-18 1.8004585226145447e-16
1278011892.1593335 9.570042076808485e-17 1.6795846820608085e-16
1278011903.4657145 5.732951857034884e-17 1.648886661769444e-16
1278011913.7189584 4.357346140249159e-16 1.9268463145227216e-16
1278011922.5535293 1.668570846692845e-16 1.7382919701908865e-16
1278011932.7525 -1.8851472475341028e-17 1.592939812134361e-16
1278011944.3400002 -2.4486244007525654e-16 1.3916265713403181e-16
1278011954.1073527 1.7270476320708774e-16 1.7389740549691936e-16
1278011961.42 5.012458950991008e-17 1.8387250847679048e-16
1278012013.5977778 1.7617665081128728e-17 1.9394949796553773e-16
1278012022.8127499 2.843763497903313e-16 1.827296857274303e-16
1278012034.4128125 1.3297895847611216e-16 1.713780757773611e-16
1278012043.5726316 2.5451096871625686e-16 1.8058057828869499e-16
1278012054.5237498 1.426825586687574e-16 1.7224814448512775e-16
1278012063.1217856 6.428694728161832e-17 1.6588286216410438e-16
1278012073.9458332 -2.3999007209111295e-16 1.3957918439105077e-16
1278012083.423182 -4.809367808951535e-17 1.5686295508643676e-16
1278012092.9707894 2.601508236046676e-16 1.811254348897526e-16
1278012102.9146428 6.179828806534629e-17 1.6601963174355484e-16
1278012112.9547057 1.7768323836900983e-16 1.750622898233664e-16
1278012121.6691666 3.7769792070779656e-17 1.7309171138329258e-16
